period,total_smells_found_sum,total_smells_found_mean,smell_density_mean,smells_introduced_sum,smells_removed_sum,project_cyclomatic_complexity_last,project_cyclomatic_complexity_mean,commit_cyclomatic_complexity_mean,files_changed_sum,files_changed_mean,LOC_added_sum,LOC_deleted_sum,is_bug_fix_sum,bug_fixing_sum,total_commits,complexity_delta,complexity_growth_rate,change_intensity,loc_churn,bugfix_commits,bugfix_ratio,smell_introduction_rate,smell_removal_rate,net_smell_change,period_num
2017Q2,7,0.25925925925925924,0.0007364951938556658,0,0,1653.0,665.925925925926,189.77777777777777,329,12.185185185185185,8380,2726,5,5,27,,,12.185185185185185,411.3333333333333,10,0.37037037037037035,0.0,0.0,0,0
2017Q3,0,0.0,0.0,0,0,2817.0,2477.05,485.9,300,15.0,312432,13624,5,5,20,1164.0,0.7041742286751361,15.0,16302.8,10,0.5,0.0,0.0,0,1
2017Q4,0,0.0,0.0,0,0,3184.0,3183.8,113.46666666666667,92,3.066666666666667,3061,835,7,7,30,367.0,0.13028044018459353,3.066666666666667,129.86666666666667,14,0.4666666666666667,0.0,0.0,0,2
2018Q1,0,0.0,0.0,0,0,5836.0,3491.5434782608695,158.91304347826087,187,4.065217391304348,4130,2184,11,11,46,2652.0,0.8329145728643216,4.065217391304348,137.2608695652174,22,0.4782608695652174,0.0,0.0,0,3
2018Q2,36,0.28346456692913385,0.0008167731504161993,0,0,6683.0,6086.251968503937,161.21259842519686,759,5.9763779527559056,15069,7022,23,23,127,847.0,0.14513365318711446,5.9763779527559056,173.9448818897638,46,0.36220472440944884,0.0,0.0,0,4
2018Q3,37,0.26618705035971224,0.00046779768997266136,0,0,9500.0,8805.043165467627,161.0863309352518,560,4.028776978417266,54116,481827,34,34,139,2817.0,0.42151728265748917,4.028776978417266,3855.705035971223,68,0.4892086330935252,0.0,0.0,0,5
2018Q4,32,0.35555555555555557,0.00030417453506087494,0,0,9549.0,9539.022222222222,188.86666666666667,575,6.388888888888889,3698,3698,37,37,90,49.0,0.005157894736842105,6.388888888888889,82.17777777777778,74,0.8222222222222222,0.0,0.0,0,6
2019Q1,32,0.14035087719298245,0.00027970235417863667,0,0,10856.0,10291.521929824561,48.70614035087719,923,4.048245614035087,27557,10013,55,56,228,1307.0,0.13687297099172688,4.048245614035087,164.78070175438597,111,0.4868421052631579,0.0,0.0,0,7
2019Q2,105,0.3620689655172414,0.000290182454716974,0,0,12599.0,11843.641379310346,96.17241379310344,1361,4.6931034482758625,57098,29248,54,54,290,1743.0,0.1605563743551953,4.6931034482758625,297.7448275862069,108,0.3724137931034483,0.0,0.0,0,8
2019Q3,50,0.47619047619047616,0.0006402504318757675,0,0,13135.0,12898.933333333332,83.61904761904762,469,4.466666666666667,56043,50987,36,36,105,536.0,0.04254305897293436,4.466666666666667,1019.3333333333334,72,0.6857142857142857,0.0,0.0,0,9
2019Q4,244,1.4698795180722892,0.004046768287970118,0,0,14581.0,13640.361445783132,86.50602409638554,787,4.740963855421687,23216,13130,50,48,166,1446.0,0.11008755234107347,4.740963855421687,218.95180722891567,98,0.5903614457831325,0.0,0.0,0,10
2020Q1,324,1.4025974025974026,0.004544358646482543,0,0,15268.0,14935.995670995671,82.51515151515152,1046,4.528138528138528,27294,18529,64,63,231,687.0,0.04711611000617242,4.528138528138528,198.36796536796535,127,0.5497835497835498,0.0,0.0,0,11
2020Q2,271,1.7371794871794872,0.002510961496899823,0,0,16054.0,15594.448717948719,110.35897435897436,909,5.826923076923077,48743,74567,32,32,156,786.0,0.05148022006811632,5.826923076923077,790.4487179487179,64,0.41025641025641024,0.0,0.0,0,12
2020Q3,461,3.0939597315436242,0.002049107390147487,0,0,23804.0,21744.261744966443,222.36241610738256,1770,11.879194630872483,88256,33954,27,27,149,7750.0,0.4827457331506167,11.879194630872483,820.2013422818792,54,0.3624161073825503,0.0,0.0,0,13
2020Q4,574,2.1908396946564888,0.0020585226256560033,0,0,28664.0,27504.90076335878,184.5267175572519,2034,7.763358778625954,46609,41508,57,55,262,4860.0,0.20416736682910436,7.763358778625954,336.32442748091603,112,0.42748091603053434,0.0,0.0,0,14
2021Q1,291,2.881188118811881,0.0037312653004838944,0,0,29522.0,28898.069306930694,153.0,630,6.237623762376238,36249,12592,34,30,101,858.0,0.02993301702483952,6.237623762376238,483.5742574257426,64,0.6336633663366337,0.0,0.0,0,15
2021Q2,9,0.28125,0.004719091635350009,0,0,29957.0,29602.375,111.28125,144,4.5,27924,11916,10,11,32,435.0,0.014734774066797643,4.5,1245.0,21,0.65625,0.0,0.0,0,16
2021Q3,43,1.4827586206896552,0.004073512620524588,0,0,30264.0,30165.310344827587,94.03448275862068,117,4.0344827586206895,3942,1770,9,9,29,307.0,0.010248022165103315,4.0344827586206895,196.9655172413793,18,0.6206896551724138,0.0,0.0,0,17
2021Q4,200,5.2631578947368425,0.008205672309131858,0,0,30631.0,30476.315789473683,160.18421052631578,292,7.684210526315789,10666,26635,10,10,38,367.0,0.012126619085381972,7.684210526315789,981.6052631578947,20,0.5263157894736842,0.0,0.0,0,18
2022Q1,106,2.2083333333333335,0.0043412727583030065,0,0,30640.0,30683.8125,92.125,270,5.625,3721,6790,7,7,48,9.0,0.00029381998628840063,5.625,218.97916666666666,14,0.2916666666666667,0.0,0.0,0,19
2022Q2,290,4.833333333333333,0.003308234991319289,0,0,30549.0,30572.566666666666,258.48333333333335,701,11.683333333333334,18189,12837,7,7,60,-91.0,-0.0029699738903394258,11.683333333333334,517.1,14,0.23333333333333334,0.0,0.0,0,20
2022Q3,51,0.9622641509433962,0.0013199611345398432,0,0,30901.0,30681.64150943396,53.0188679245283,132,2.490566037735849,5610,1793,9,9,53,352.0,0.011522472094012897,2.490566037735849,139.67924528301887,18,0.33962264150943394,0.0,0.0,0,21
2022Q4,61,1.297872340425532,0.001997704800670622,0,0,31002.0,30937.617021276597,90.29787234042553,199,4.23404255319149,8143,7472,10,10,47,101.0,0.0032685026374550986,4.23404255319149,332.2340425531915,20,0.425531914893617,0.0,0.0,0,22
2023Q1,166,3.9523809523809526,0.0014411285789379048,0,0,31490.0,31339.309523809523,156.16666666666666,314,7.476190476190476,13840,5445,3,3,42,488.0,0.015740919940648992,7.476190476190476,459.1666666666667,6,0.14285714285714285,0.0,0.0,0,23
2023Q2,347,4.6891891891891895,0.008971970976269268,0,0,31925.0,31738.716216216217,162.51351351351352,628,8.486486486486486,7333,8708,15,15,74,435.0,0.013813909177516672,8.486486486486486,216.77027027027026,30,0.40540540540540543,0.0,0.0,0,24
2023Q3,155,3.522727272727273,0.005989745876056474,0,0,32278.0,32086.93181818182,69.36363636363636,156,3.5454545454545454,18394,3502,6,6,44,353.0,0.01105716523101018,3.5454545454545454,497.6363636363636,12,0.2727272727272727,0.0,0.0,0,25
2023Q4,155,2.8703703703703702,0.003997963250370167,0,0,32384.0,32347.037037037036,152.22222222222223,347,6.425925925925926,31227,10427,13,13,54,106.0,0.0032839705062271515,6.425925925925926,771.3703703703703,26,0.48148148148148145,0.0,0.0,0,26
2024Q1,4,0.5,0.0020161290322580645,0,0,32409.0,32399.75,30.75,14,1.75,580,137,2,2,8,25.0,0.0007719861660079051,1.75,89.625,4,0.5,0.0,0.0,0,27
2024Q2,7,1.4,0.005154984149348362,0,0,32499.0,32479.6,89.2,10,2.0,561,52,2,2,5,90.0,0.0027770063871146904,2.0,122.6,4,0.8,0.0,0.0,0,28
2024Q3,66,4.125,0.004178920174638264,0,0,32592.0,32528.5625,287.9375,215,13.4375,1556,774,3,3,16,93.0,0.002861626511584972,13.4375,145.625,6,0.375,0.0,0.0,0,29
2024Q4,31,5.166666666666667,0.005901578776210908,0,0,32599.0,32596.333333333332,119.66666666666667,34,5.666666666666667,2300,2062,1,2,6,7.0,0.0002147766323024055,5.666666666666667,727.0,3,0.5,0.0,0.0,0,30
2025Q1,39,13.0,0.0037694040280990553,0,0,32599.0,32599.0,376.6666666666667,35,11.666666666666666,82,76,2,2,3,0.0,0.0,11.666666666666666,52.666666666666664,4,1.3333333333333333,0.0,0.0,0,31
2025Q2,11,2.75,0.000593418911891017,0,0,32606.0,32603.5,333.5,40,10.0,256,140,0,0,4,7.0,0.00021473051320592657,10.0,99.0,0,0.0,0.0,0.0,0,32
