period,total_smells_found_sum,total_smells_found_mean,smell_density_mean,smells_introduced_sum,smells_removed_sum,project_cyclomatic_complexity_last,project_cyclomatic_complexity_mean,commit_cyclomatic_complexity_mean,files_changed_sum,files_changed_mean,LOC_added_sum,LOC_deleted_sum,is_bug_fix_sum,bug_fixing_sum,total_commits,complexity_delta,complexity_growth_rate,change_intensity,loc_churn,bugfix_commits,bugfix_ratio,smell_introduction_rate,smell_removal_rate,net_smell_change,period_num
2009Q3,20,0.7142857142857143,0.0010913654600542533,0,0,765.0,756.3571428571429,102.14285714285714,118,4.214285714285714,8220,286,2,2,28,,,4.214285714285714,303.7857142857143,4,0.14285714285714285,0.0,0.0,0,0
2009Q4,0,0.0,0.0,0,0,772.0,772.0,7.0,2,1.0,300,0,0,0,2,7.0,0.009150326797385621,1.0,150.0,0,0.0,0.0,0.0,0,1
2010Q1,40,0.23809523809523808,0.0003967084607539866,0,0,1575.0,1488.857142857143,104.76190476190476,758,4.511904761904762,35804,19044,8,8,168,803.0,1.0401554404145077,4.511904761904762,326.4761904761905,16,0.09523809523809523,0.0,0.0,0,2
2010Q2,0,0.0,0.0,0,0,1610.0,1590.72,44.92,110,2.2,10018,4146,6,6,50,35.0,0.022222222222222223,2.2,283.28,12,0.24,0.0,0.0,0,3
2010Q3,0,0.0,0.0,0,0,1805.0,1735.9431818181818,94.23863636363636,428,2.4318181818181817,15896,8340,34,34,176,195.0,0.12111801242236025,2.4318181818181817,137.70454545454547,68,0.38636363636363635,0.0,0.0,0,4
2010Q4,0,0.0,0.0,0,0,2060.0,1830.2,77.85454545454546,80,1.4545454545454546,8069,5558,11,11,55,255.0,0.14127423822714683,1.4545454545454546,247.76363636363635,22,0.4,0.0,0.0,0,5
2011Q1,26,0.25742574257425743,0.0003249794933388121,0,0,2467.0,2369.4752475247524,82.68316831683168,323,3.198019801980198,109483,9457,10,10,101,407.0,0.1975728155339806,3.198019801980198,1177.6237623762377,20,0.19801980198019803,0.0,0.0,0,6
2011Q2,26,0.41935483870967744,0.00047474926241361515,0,0,3744.0,2839.3870967741937,136.17741935483872,251,4.048387096774194,4425,3414,11,11,62,1277.0,0.5176327523307661,4.048387096774194,126.43548387096774,22,0.3548387096774194,0.0,0.0,0,7
2011Q3,14,0.32558139534883723,0.0004047779725593867,0,0,3984.0,3893.813953488372,136.1627906976744,110,2.558139534883721,2566,1070,7,7,43,240.0,0.0641025641025641,2.558139534883721,84.55813953488372,14,0.32558139534883723,0.0,0.0,0,8
2011Q4,12,0.36363636363636365,0.000526888678607041,0,0,3821.0,3901.878787878788,83.48484848484848,56,1.696969696969697,7509,5388,10,10,33,-163.0,-0.0409136546184739,1.696969696969697,390.8181818181818,20,0.6060606060606061,0.0,0.0,0,9
2012Q1,70,2.3333333333333335,0.00559276886954065,0,0,3982.0,3946.6666666666665,87.93333333333334,43,1.4333333333333333,2766,634,3,4,30,161.0,0.04213556660560063,1.4333333333333333,113.33333333333333,7,0.23333333333333334,0.0,0.0,0,10
2012Q2,0,0.0,0.0,0,0,3992.0,3986.7272727272725,66.0,19,1.7272727272727273,3225,875,2,2,11,10.0,0.0025113008538422904,1.7272727272727273,372.72727272727275,4,0.36363636363636365,0.0,0.0,0,11
2012Q3,6,0.14285714285714285,0.00034674063800277393,0,0,4033.0,4013.2380952380954,52.69047619047619,72,1.7142857142857142,1596,1133,5,5,42,41.0,0.010270541082164329,1.7142857142857142,64.97619047619048,10,0.23809523809523808,0.0,0.0,0,12
2012Q4,10,0.625,0.0010033616338510933,0,0,4053.0,4045.25,115.75,23,1.4375,115,54,2,2,16,20.0,0.004959087527894868,1.4375,10.5625,4,0.25,0.0,0.0,0,13
2013Q1,7,0.5,0.001393939393939394,0,0,4117.0,4107.357142857143,125.92857142857143,23,1.6428571428571428,13626,7896,3,3,14,64.0,0.015790772267456205,1.6428571428571428,1537.2857142857142,6,0.42857142857142855,0.0,0.0,0,14
2013Q2,2,0.2857142857142857,0.00030330603579011223,0,0,4125.0,4121.714285714285,84.0,9,1.2857142857142858,107,52,1,1,7,8.0,0.0019431624969638087,1.2857142857142858,22.714285714285715,2,0.2857142857142857,0.0,0.0,0,15
2013Q3,2,0.06451612903225806,0.0001486546751895347,0,0,4239.0,4207.967741935484,97.25806451612904,43,1.3870967741935485,1352,513,4,4,31,114.0,0.027636363636363636,1.3870967741935485,60.16129032258065,8,0.25806451612903225,0.0,0.0,0,16
2013Q4,22,0.4489795918367347,0.0005508575117092772,0,0,4354.0,4292.591836734694,112.85714285714286,71,1.4489795918367347,1531,837,8,8,49,115.0,0.027129039867893372,1.4489795918367347,48.326530612244895,16,0.32653061224489793,0.0,0.0,0,17
2014Q1,102,1.146067415730337,0.0010705448621415286,0,0,4579.0,4483.76404494382,160.52808988764045,220,2.4719101123595504,2327,1038,21,21,89,225.0,0.051676619200734956,2.4719101123595504,37.80898876404494,42,0.47191011235955055,0.0,0.0,0,18
2014Q2,58,0.7435897435897436,0.0009483716951335997,0,0,4691.0,4605.641025641025,119.83333333333333,159,2.0384615384615383,6746,1904,27,28,78,112.0,0.024459488971391132,2.0384615384615383,110.8974358974359,55,0.7051282051282052,0.0,0.0,0,19
2014Q3,34,0.37777777777777777,0.0006693152889567711,0,0,4871.0,4799.0,103.38888888888889,120,1.3333333333333333,21503,3683,22,22,90,180.0,0.03837134939245364,1.3333333333333333,279.84444444444443,44,0.4888888888888889,0.0,0.0,0,20
2014Q4,48,0.6956521739130435,0.000561948035543908,0,0,4968.0,4926.0,113.82608695652173,111,1.608695652173913,15868,774,21,21,69,97.0,0.019913775405460892,1.608695652173913,241.18840579710144,42,0.6086956521739131,0.0,0.0,0,21
2015Q1,0,0.0,0.0,0,0,5312.0,5157.431034482759,130.32758620689654,82,1.4137931034482758,20723,13755,16,16,58,344.0,0.06924315619967794,1.4137931034482758,594.448275862069,32,0.5517241379310345,0.0,0.0,0,22
2015Q2,50,0.373134328358209,0.00043207640891214296,0,0,5687.0,5534.589552238806,133.544776119403,206,1.537313432835821,38477,36480,32,32,134,375.0,0.07059487951807229,1.537313432835821,559.3805970149253,64,0.47761194029850745,0.0,0.0,0,23
2015Q3,108,0.574468085106383,0.0004150406491865675,0,0,5897.0,5804.664893617021,201.58510638297872,277,1.4734042553191489,66278,58647,61,59,188,210.0,0.036926323193247755,1.4734042553191489,664.4946808510638,120,0.6382978723404256,0.0,0.0,0,24
2015Q4,24,0.22857142857142856,0.0002936252934957928,0,0,5970.0,5941.990476190476,192.32380952380953,143,1.361904761904762,36886,23568,30,31,105,73.0,0.0123791758521282,1.361904761904762,575.7523809523809,61,0.580952380952381,0.0,0.0,0,25
2016Q1,18,0.5,0.0005173661714386985,0,0,5970.0,5969.027777777777,156.61111111111111,48,1.3333333333333333,4208,4369,10,10,36,0.0,0.0,1.3333333333333333,238.25,20,0.5555555555555556,0.0,0.0,0,26
2016Q2,24,0.4897959183673469,0.0005188858860876108,0,0,6297.0,6086.367346938776,160.6530612244898,102,2.0816326530612246,5470,410,10,10,49,327.0,0.054773869346733665,2.0816326530612246,120.0,20,0.40816326530612246,0.0,0.0,0,27
2016Q3,12,0.24,0.00017381512392921716,0,0,6606.0,6482.88,190.3,96,1.92,6051,992,20,20,50,309.0,0.049070986183897096,1.92,140.86,40,0.8,0.0,0.0,0,28
2016Q4,99,1.4776119402985075,0.0015702382316937795,0,0,6784.0,6685.253731343284,207.32835820895522,181,2.701492537313433,31922,6503,19,20,67,178.0,0.026945201332122314,2.701492537313433,573.5074626865671,39,0.582089552238806,0.0,0.0,0,29
2017Q1,26,0.30952380952380953,0.0004920635807102094,0,0,7196.0,7077.25,178.6547619047619,159,1.8928571428571428,23040,9561,27,30,84,412.0,0.0607311320754717,1.8928571428571428,388.10714285714283,57,0.6785714285714286,0.0,0.0,0,30
2017Q2,56,0.19243986254295534,0.0002297549472881119,0,0,7534.0,7369.061855670103,84.29896907216495,445,1.529209621993127,34778,13447,88,85,291,338.0,0.04697053918843802,1.529209621993127,165.72164948453607,173,0.5945017182130584,0.0,0.0,0,31
2017Q3,69,1.5333333333333334,0.0004770056843860203,0,0,8187.0,7825.222222222223,410.1111111111111,363,8.066666666666666,18120,5203,25,26,45,653.0,0.08667374568622246,8.066666666666666,518.2888888888889,51,1.1333333333333333,0.0,0.0,0,32
2017Q4,62,0.7948717948717948,0.0006679039329886511,0,0,8595.0,8395.179487179486,239.34615384615384,312,4.0,142961,5205,52,52,78,408.0,0.04983510443385856,4.0,1899.5641025641025,104,1.3333333333333333,0.0,0.0,0,33
2018Q1,12,0.18181818181818182,0.0001698791521484759,0,0,9854.0,9463.287878787878,212.53030303030303,185,2.803030303030303,72396,11307,53,53,66,1259.0,0.1464805119255381,2.803030303030303,1268.2272727272727,106,1.606060606060606,0.0,0.0,0,34
2018Q2,19,0.8260869565217391,0.00031446361118422125,0,0,9914.0,9901.130434782608,282.3478260869565,58,2.5217391304347827,16160,10452,19,19,23,60.0,0.006088897909478384,2.5217391304347827,1157.0434782608695,38,1.6521739130434783,0.0,0.0,0,35
2018Q3,4,0.12121212121212122,0.00012816661491738842,0,0,10068.0,9991.60606060606,291.09090909090907,104,3.1515151515151514,50372,11408,13,13,33,154.0,0.015533588864232398,3.1515151515151514,1872.121212121212,26,0.7878787878787878,0.0,0.0,0,36
2018Q4,64,2.6666666666666665,0.00043274921374527616,0,0,10014.0,10035.416666666666,719.5,201,8.375,3920,3355,9,9,24,-54.0,-0.005363528009535161,8.375,303.125,18,0.75,0.0,0.0,0,37
2019Q1,9,0.15517241379310345,6.650133221393662e-05,0,0,10391.0,10209.948275862069,251.51724137931035,161,2.7758620689655173,49899,33726,22,22,58,377.0,0.03764729378869583,2.7758620689655173,1441.8103448275863,44,0.7586206896551724,0.0,0.0,0,38
2019Q2,0,0.0,0.0,0,0,10454.0,10418.681818181818,210.04545454545453,45,2.0454545454545454,4789,3329,11,11,22,63.0,0.0060629390818977965,2.0454545454545454,369.0,22,1.0,0.0,0.0,0,39
2019Q3,6,0.3,1.252923488138991e-05,0,0,10552.0,10534.35,266.55,76,3.8,2715,667,7,7,20,98.0,0.00937440214272049,3.8,169.1,14,0.7,0.0,0.0,0,40
2019Q4,2,0.125,3.4115720524017465e-05,0,0,10623.0,10612.0,163.9375,79,4.9375,346619,376095,5,5,16,71.0,0.006728582259287339,4.9375,45169.625,10,0.625,0.0,0.0,0,41
2020Q1,12,0.6,0.0005284538310713632,0,0,10713.0,10685.7,184.2,40,2.0,1108,733,10,10,20,90.0,0.008472182999152781,2.0,92.05,20,1.0,0.0,0.0,0,42
2020Q2,13,0.9285714285714286,0.00030369943731604454,0,0,10710.0,10708.07142857143,242.42857142857142,41,2.9285714285714284,334,834,5,5,14,-3.0,-0.0002800336040324839,2.9285714285714284,83.42857142857143,10,0.7142857142857143,0.0,0.0,0,43
2020Q3,52,0.65,0.0002857555425835075,0,0,9656.0,9655.175,309.2,250,3.125,56481,21941,28,28,80,-1054.0,-0.09841269841269841,3.125,980.275,56,0.7,0.0,0.0,0,44
2020Q4,48,1.5,0.00010890436344196984,0,0,9288.0,9324.15625,485.0,323,10.09375,338139,222942,9,9,32,-368.0,-0.03811101905550953,10.09375,17533.78125,18,0.5625,0.0,0.0,0,45
2021Q1,26,0.7647058823529411,0.00044357070110221373,0,0,8683.0,8708.970588235294,229.41176470588235,149,4.382352941176471,68638,56901,9,8,34,-605.0,-0.06513781223083549,4.382352941176471,3692.323529411765,17,0.5,0.0,0.0,0,46
2021Q2,19,0.3333333333333333,0.00015922194902764176,0,0,8792.0,8717.78947368421,143.35087719298247,104,1.8245614035087718,2093,1109,10,10,57,109.0,0.012553265000575837,1.8245614035087718,56.175438596491226,20,0.3508771929824561,0.0,0.0,0,47
2021Q3,2,0.08333333333333333,3.192891468857377e-05,0,0,8983.0,8959.125,92.0,52,2.1666666666666665,6868,250,4,4,24,191.0,0.02172429481346679,2.1666666666666665,296.5833333333333,8,0.3333333333333333,0.0,0.0,0,48
2021Q4,24,1.5,0.0008100188341482368,0,0,8999.0,8991.8125,259.4375,38,2.375,770,298,3,3,16,16.0,0.0017811421574084382,2.375,66.75,6,0.375,0.0,0.0,0,49
2022Q1,30,1.0,0.0006159791484724996,0,0,9022.0,9005.2,159.66666666666666,42,1.4,3099,2136,6,6,30,23.0,0.002555839537726414,1.4,174.5,12,0.4,0.0,0.0,0,50
2022Q2,0,0.0,0.0,0,0,9021.0,9025.529411764706,136.64705882352942,28,1.6470588235294117,1843,1724,5,5,17,-1.0,-0.00011084016847705608,1.6470588235294117,209.8235294117647,10,0.5882352941176471,0.0,0.0,0,51
2022Q3,4,0.8,0.0007231549177658136,0,0,9098.0,9037.6,324.2,16,3.2,1114,257,1,1,5,77.0,0.008535639064405277,3.2,274.2,2,0.4,0.0,0.0,0,52
2022Q4,2,0.10526315789473684,4.695445682728946e-05,0,0,9270.0,9180.0,155.57894736842104,37,1.9473684210526316,2945,758,5,5,19,172.0,0.018905253901956475,1.9473684210526316,194.89473684210526,10,0.5263157894736842,0.0,0.0,0,53
2023Q1,30,1.3636363636363635,0.00043158662103189336,0,0,9277.0,9276.772727272728,315.3636363636364,157,7.136363636363637,376,315,3,3,22,7.0,0.0007551240560949298,7.136363636363637,31.40909090909091,6,0.2727272727272727,0.0,0.0,0,54
2023Q2,1,0.16666666666666666,8.907892392659895e-05,0,0,9286.0,9279.333333333334,104.33333333333333,15,2.5,482,289,3,3,6,9.0,0.0009701412094427077,2.5,128.5,6,1.0,0.0,0.0,0,55
2023Q3,0,0.0,0.0,0,0,9295.0,9292.272727272728,83.0,19,1.7272727272727273,3449,3048,2,2,11,9.0,0.0009692009476631488,1.7272727272727273,590.6363636363636,4,0.36363636363636365,0.0,0.0,0,56
2024Q2,0,0.0,0.0,0,0,9295.0,9295.0,174.33333333333334,10,1.6666666666666667,25,18,1,1,6,0.0,0.0,1.6666666666666667,7.166666666666667,2,0.3333333333333333,0.0,0.0,0,57
2024Q3,0,0.0,0.0,0,0,9295.0,9295.0,16.0,5,1.6666666666666667,32,25,0,0,3,0.0,0.0,1.6666666666666667,19.0,0,0.0,0.0,0.0,0,58
