period,total_smells_found_sum,total_smells_found_mean,smell_density_mean,smells_introduced_sum,smells_removed_sum,project_cyclomatic_complexity_last,project_cyclomatic_complexity_mean,commit_cyclomatic_complexity_mean,files_changed_sum,files_changed_mean,LOC_added_sum,LOC_deleted_sum,is_bug_fix_sum,bug_fixing_sum,total_commits,complexity_delta,complexity_growth_rate,change_intensity,loc_churn,bugfix_commits,bugfix_ratio,smell_introduction_rate,smell_removal_rate,net_smell_change,period_num
2009Q3,20,0.7142857142857143,0.0010913654600542533,0,0,420,412.5,102.14285714285714,118,4.214285714285714,8220,286,2,2,28,,,4.214285714285714,303.7857142857143,4,0.14285714285714285,0.0,0.0,0,0
2009Q4,0,0.0,0.0,0,0,435,435.0,7.0,2,1.0,300,0,0,0,2,15.0,0.03571428571428571,1.0,150.0,0,0.0,0.0,0.0,0,1
2010Q1,40,0.23809523809523808,0.0003967084607539866,0,0,510,521.25,104.76190476190476,758,4.511904761904762,35804,19044,8,8,168,75.0,0.1724137931034483,4.511904761904762,326.4761904761905,16,0.09523809523809523,0.0,0.0,0,2
2010Q2,0,0.0,0.0,0,0,525,522.0,44.92,110,2.2,10018,4146,6,6,50,15.0,0.029411764705882353,2.2,283.28,12,0.24,0.0,0.0,0,3
2010Q3,0,0.0,0.0,0,0,555,565.0568181818181,94.23863636363636,428,2.4318181818181817,15896,8340,34,34,176,30.0,0.05714285714285714,2.4318181818181817,137.70454545454547,68,0.38636363636363635,0.0,0.0,0,4
2010Q4,0,0.0,0.0,0,0,675,562.3636363636364,77.85454545454546,80,1.4545454545454546,8069,5558,11,11,55,120.0,0.21621621621621623,1.4545454545454546,247.76363636363635,22,0.4,0.0,0.0,0,5
2011Q1,26,0.25742574257425743,0.0003249794933388121,0,0,675,638.7623762376238,82.68316831683168,323,3.198019801980198,109483,9457,10,10,101,0.0,0.0,3.198019801980198,1177.6237623762377,20,0.19801980198019803,0.0,0.0,0,6
2011Q2,26,0.41935483870967744,0.00047474926241361515,0,0,750,720.241935483871,136.17741935483872,251,4.048387096774194,4425,3414,11,11,62,75.0,0.1111111111111111,4.048387096774194,126.43548387096774,22,0.3548387096774194,0.0,0.0,0,7
2011Q3,14,0.32558139534883723,0.0004047779725593867,0,0,810,780.6976744186046,136.1627906976744,110,2.558139534883721,2566,1070,7,7,43,60.0,0.08,2.558139534883721,84.55813953488372,14,0.32558139534883723,0.0,0.0,0,8
2011Q4,12,0.36363636363636365,0.000526888678607041,0,0,765,786.8181818181819,83.48484848484848,56,1.696969696969697,7509,5388,10,10,33,-45.0,-0.05555555555555555,1.696969696969697,390.8181818181818,20,0.6060606060606061,0.0,0.0,0,9
2012Q1,70,2.3333333333333335,0.00559276886954065,0,0,795,791.0,87.93333333333334,43,1.4333333333333333,2766,634,3,4,30,30.0,0.0392156862745098,1.4333333333333333,113.33333333333333,7,0.23333333333333334,0.0,0.0,0,10
2012Q2,0,0.0,0.0,0,0,795,795.0,66.0,19,1.7272727272727273,3225,875,2,2,11,0.0,0.0,1.7272727272727273,372.72727272727275,4,0.36363636363636365,0.0,0.0,0,11
2012Q3,6,0.14285714285714285,0.00034674063800277393,0,0,930,872.5,52.69047619047619,72,1.7142857142857142,1596,1133,5,5,42,135.0,0.16981132075471697,1.7142857142857142,64.97619047619048,10,0.23809523809523808,0.0,0.0,0,12
2012Q4,10,0.625,0.0010033616338510933,0,0,930,930.0,115.75,23,1.4375,115,54,2,2,16,0.0,0.0,1.4375,10.5625,4,0.25,0.0,0.0,0,13
2013Q1,7,0.5,0.001393939393939394,0,0,930,935.3571428571429,125.92857142857143,23,1.6428571428571428,13626,7896,3,3,14,0.0,0.0,1.6428571428571428,1537.2857142857142,6,0.42857142857142855,0.0,0.0,0,14
2013Q2,2,0.2857142857142857,0.00030330603579011223,0,0,930,930.0,84.0,9,1.2857142857142858,107,52,1,1,7,0.0,0.0,1.2857142857142858,22.714285714285715,2,0.2857142857142857,0.0,0.0,0,15
2013Q3,2,0.06451612903225806,0.0001486546751895347,0,0,945,943.0645161290323,97.25806451612904,43,1.3870967741935485,1352,513,4,4,31,15.0,0.016129032258064516,1.3870967741935485,60.16129032258065,8,0.25806451612903225,0.0,0.0,0,16
2013Q4,22,0.4489795918367347,0.0005508575117092772,0,0,975,962.1428571428571,112.85714285714286,71,1.4489795918367347,1531,837,8,8,49,30.0,0.031746031746031744,1.4489795918367347,48.326530612244895,16,0.32653061224489793,0.0,0.0,0,17
2014Q1,102,1.146067415730337,0.0010705448621415286,0,0,1050,1000.4494382022472,160.52808988764045,220,2.4719101123595504,2327,1038,21,21,89,75.0,0.07692307692307693,2.4719101123595504,37.80898876404494,42,0.47191011235955055,0.0,0.0,0,18
2014Q2,58,0.7435897435897436,0.0009483716951335997,0,0,1050,1045.3846153846155,119.83333333333333,159,2.0384615384615383,6746,1904,27,28,78,0.0,0.0,2.0384615384615383,110.8974358974359,55,0.7051282051282052,0.0,0.0,0,19
2014Q3,34,0.37777777777777777,0.0006693152889567711,0,0,1080,1054.8333333333333,103.38888888888889,120,1.3333333333333333,21503,3683,22,22,90,30.0,0.02857142857142857,1.3333333333333333,279.84444444444443,44,0.4888888888888889,0.0,0.0,0,20
2014Q4,48,0.6956521739130435,0.000561948035543908,0,0,1110,1092.1739130434783,113.82608695652173,111,1.608695652173913,15868,774,21,21,69,30.0,0.027777777777777776,1.608695652173913,241.18840579710144,42,0.6086956521739131,0.0,0.0,0,21
2015Q1,0,0.0,0.0,0,0,1110,1126.8103448275863,130.32758620689654,82,1.4137931034482758,20723,13755,16,16,58,0.0,0.0,1.4137931034482758,594.448275862069,32,0.5517241379310345,0.0,0.0,0,22
2015Q2,50,0.373134328358209,0.00043207640891214296,0,0,1170,1198.4328358208954,133.544776119403,206,1.537313432835821,38477,36480,32,32,134,60.0,0.05405405405405406,1.537313432835821,559.3805970149253,64,0.47761194029850745,0.0,0.0,0,23
2015Q3,108,0.574468085106383,0.0004150406491865675,0,0,1335,1303.0851063829787,201.58510638297872,277,1.4734042553191489,66278,58647,61,59,188,165.0,0.14102564102564102,1.4734042553191489,664.4946808510638,120,0.6382978723404256,0.0,0.0,0,24
2015Q4,24,0.22857142857142856,0.0002936252934957928,0,0,1440,1421.0,192.32380952380953,143,1.361904761904762,36886,23568,30,31,105,105.0,0.07865168539325842,1.361904761904762,575.7523809523809,61,0.580952380952381,0.0,0.0,0,25
2016Q1,18,0.5,0.0005173661714386985,0,0,1455,1448.75,156.61111111111111,48,1.3333333333333333,4208,4369,10,10,36,15.0,0.010416666666666666,1.3333333333333333,238.25,20,0.5555555555555556,0.0,0.0,0,26
2016Q2,24,0.4897959183673469,0.0005188858860876108,0,0,1710,1542.2448979591836,160.6530612244898,102,2.0816326530612246,5470,410,10,10,49,255.0,0.17525773195876287,2.0816326530612246,120.0,20,0.40816326530612246,0.0,0.0,0,27
2016Q3,12,0.24,0.00017381512392921716,0,0,1800,1770.6,190.3,96,1.92,6051,992,20,20,50,90.0,0.05263157894736842,1.92,140.86,40,0.8,0.0,0.0,0,28
2016Q4,99,1.4776119402985075,0.0015702382316937795,0,0,1860,1832.4626865671642,207.32835820895522,181,2.701492537313433,31922,6503,19,20,67,60.0,0.03333333333333333,2.701492537313433,573.5074626865671,39,0.582089552238806,0.0,0.0,0,29
2017Q1,26,0.30952380952380953,0.0004920635807102094,0,0,2085,1990.0,178.6547619047619,159,1.8928571428571428,23040,9561,27,30,84,225.0,0.12096774193548387,1.8928571428571428,388.10714285714283,57,0.6785714285714286,0.0,0.0,0,30
2017Q2,56,0.19243986254295534,0.0002297549472881119,0,0,2205,2076.8041237113403,84.29896907216495,445,1.529209621993127,34778,13447,88,85,291,120.0,0.05755395683453238,1.529209621993127,165.72164948453607,173,0.5945017182130584,0.0,0.0,0,31
2017Q3,69,1.5333333333333334,0.0004770056843860203,0,0,2325,2239.0,410.1111111111111,363,8.066666666666666,18120,5203,25,26,45,120.0,0.05442176870748299,8.066666666666666,518.2888888888889,51,1.1333333333333333,0.0,0.0,0,32
2017Q4,62,0.7948717948717948,0.0006679039329886511,0,0,2475,2383.653846153846,239.34615384615384,312,4.0,142961,5205,52,52,78,150.0,0.06451612903225806,4.0,1899.5641025641025,104,1.3333333333333333,0.0,0.0,0,33
2018Q1,12,0.18181818181818182,0.0001698791521484759,0,0,2670,2607.5,212.53030303030303,185,2.803030303030303,72396,11307,53,53,66,195.0,0.07878787878787878,2.803030303030303,1268.2272727272727,106,1.606060606060606,0.0,0.0,0,34
2018Q2,19,0.8260869565217391,0.00031446361118422125,0,0,2670,2670.0,282.3478260869565,58,2.5217391304347827,16160,10452,19,19,23,0.0,0.0,2.5217391304347827,1157.0434782608695,38,1.6521739130434783,0.0,0.0,0,35
2018Q3,4,0.12121212121212122,0.00012816661491738842,0,0,2685,2672.2727272727275,291.09090909090907,104,3.1515151515151514,50372,11408,13,13,33,15.0,0.0056179775280898875,3.1515151515151514,1872.121212121212,26,0.7878787878787878,0.0,0.0,0,36
2018Q4,64,2.6666666666666665,0.00043274921374527616,0,0,2670,2675.0,719.5,201,8.375,3920,3355,9,9,24,-15.0,-0.00558659217877095,8.375,303.125,18,0.75,0.0,0.0,0,37
2019Q1,9,0.15517241379310345,6.650133221393662e-05,0,0,2760,2722.7586206896553,251.51724137931035,161,2.7758620689655173,49899,33726,22,22,58,90.0,0.033707865168539325,2.7758620689655173,1441.8103448275863,44,0.7586206896551724,0.0,0.0,0,38
2019Q2,0,0.0,0.0,0,0,2790,2769.5454545454545,210.04545454545453,45,2.0454545454545454,4789,3329,11,11,22,30.0,0.010869565217391304,2.0454545454545454,369.0,22,1.0,0.0,0.0,0,39
2019Q3,6,0.3,1.252923488138991e-05,0,0,2835,2817.75,266.55,76,3.8,2715,667,7,7,20,45.0,0.016129032258064516,3.8,169.1,14,0.7,0.0,0.0,0,40
2019Q4,2,0.125,3.4115720524017465e-05,0,0,3405,3222.1875,163.9375,79,4.9375,346619,376095,5,5,16,570.0,0.20105820105820105,4.9375,45169.625,10,0.625,0.0,0.0,0,41
2020Q1,12,0.6,0.0005284538310713632,0,0,3405,3405.0,184.2,40,2.0,1108,733,10,10,20,0.0,0.0,2.0,92.05,20,1.0,0.0,0.0,0,42
2020Q2,13,0.9285714285714286,0.00030369943731604454,0,0,3390,3354.6428571428573,242.42857142857142,41,2.9285714285714284,334,834,5,5,14,-15.0,-0.004405286343612335,2.9285714285714284,83.42857142857143,10,0.7142857142857143,0.0,0.0,0,43
2020Q3,52,0.65,0.0002857555425835075,0,0,3210,3175.125,309.2,250,3.125,56481,21941,28,28,80,-180.0,-0.05309734513274336,3.125,980.275,56,0.7,0.0,0.0,0,44
2020Q4,48,1.5,0.00010890436344196984,0,0,2955,2946.09375,485.0,323,10.09375,338139,222942,9,9,32,-255.0,-0.0794392523364486,10.09375,17533.78125,18,0.5625,0.0,0.0,0,45
2021Q1,26,0.7647058823529411,0.00044357070110221373,0,0,2535,2545.5882352941176,229.41176470588235,149,4.382352941176471,68638,56901,9,8,34,-420.0,-0.14213197969543148,4.382352941176471,3692.323529411765,17,0.5,0.0,0.0,0,46
2021Q2,19,0.3333333333333333,0.00015922194902764176,0,0,2565,2551.842105263158,143.35087719298247,104,1.8245614035087718,2093,1109,10,10,57,30.0,0.011834319526627219,1.8245614035087718,56.175438596491226,20,0.3508771929824561,0.0,0.0,0,47
2021Q3,2,0.08333333333333333,3.192891468857377e-05,0,0,2670,2650.0,92.0,52,2.1666666666666665,6868,250,4,4,24,105.0,0.04093567251461988,2.1666666666666665,296.5833333333333,8,0.3333333333333333,0.0,0.0,0,48
2021Q4,24,1.5,0.0008100188341482368,0,0,2670,2670.0,259.4375,38,2.375,770,298,3,3,16,0.0,0.0,2.375,66.75,6,0.375,0.0,0.0,0,49
2022Q1,30,1.0,0.0006159791484724996,0,0,2685,2679.5,159.66666666666666,42,1.4,3099,2136,6,6,30,15.0,0.0056179775280898875,1.4,174.5,12,0.4,0.0,0.0,0,50
2022Q2,0,0.0,0.0,0,0,2685,2693.823529411765,136.64705882352942,28,1.6470588235294117,1843,1724,5,5,17,0.0,0.0,1.6470588235294117,209.8235294117647,10,0.5882352941176471,0.0,0.0,0,51
2022Q3,4,0.8,0.0007231549177658136,0,0,2715,2691.0,324.2,16,3.2,1114,257,1,1,5,30.0,0.0111731843575419,3.2,274.2,2,0.4,0.0,0.0,0,52
2022Q4,2,0.10526315789473684,4.695445682728946e-05,0,0,2730,2722.1052631578946,155.57894736842104,37,1.9473684210526316,2945,758,5,5,19,15.0,0.0055248618784530384,1.9473684210526316,194.89473684210526,10,0.5263157894736842,0.0,0.0,0,53
2023Q1,30,1.3636363636363635,0.00043158662103189336,0,0,2730,2730.0,315.3636363636364,157,7.136363636363637,376,315,3,3,22,0.0,0.0,7.136363636363637,31.40909090909091,6,0.2727272727272727,0.0,0.0,0,54
2023Q2,1,0.16666666666666666,8.907892392659895e-05,0,0,2745,2735.0,104.33333333333333,15,2.5,482,289,3,3,6,15.0,0.005494505494505495,2.5,128.5,6,1.0,0.0,0.0,0,55
2023Q3,0,0.0,0.0,0,0,2760,2749.090909090909,83.0,19,1.7272727272727273,3449,3048,2,2,11,15.0,0.00546448087431694,1.7272727272727273,590.6363636363636,4,0.36363636363636365,0.0,0.0,0,56
2024Q2,0,0.0,0.0,0,0,2760,2760.0,174.33333333333334,10,1.6666666666666667,25,18,1,1,6,0.0,0.0,1.6666666666666667,7.166666666666667,2,0.3333333333333333,0.0,0.0,0,57
2024Q3,0,0.0,0.0,0,0,2760,2760.0,16.0,5,1.6666666666666667,32,25,0,0,3,0.0,0.0,1.6666666666666667,19.0,0,0.0,0.0,0.0,0,58
